\begin{tabular}{llllllllllllllll}
{} & {Isolation Forest} & {HBOS} & {LOF} & {MCD} & {SOD} & {LMDD} & {CBLOF} & {OCSVM} & {COPOD} & {u-CBLOF} & {PCA} & {kNN} & {LODA} & {COF} & {ABOD} \\
Isolation Forest & 1.0 & 0.82 & \textbf{0.01} & 0.9 & 0.15 & 0.105 & \textbf{0.001} & 0.9 & 0.9 & 0.9 & 0.119 & 0.9 & \textbf{0.011} & \textbf{0.001} & 0.9 \\
HBOS & 0.82 & 1.0 & 0.82 & 0.9 & 0.9 & 0.9 & \textbf{0.001} & 0.9 & 0.9 & 0.9 & 0.9 & 0.744 & 0.839 & 0.186 & 0.9 \\
LOF & \textbf{0.01} & 0.82 & 1.0 & 0.063 & 0.9 & 0.9 & 0.373 & 0.295 & 0.469 & \textbf{0.038} & 0.9 & \textbf{0.007} & 0.9 & 0.9 & 0.469 \\
MCD & 0.9 & 0.9 & 0.063 & 1.0 & 0.458 & 0.363 & \textbf{0.001} & 0.9 & 0.9 & 0.9 & 0.395 & 0.9 & 0.069 & \textbf{0.002} & 0.9 \\
SOD & 0.15 & 0.9 & 0.9 & 0.458 & 1.0 & 0.9 & \textbf{0.044} & 0.848 & 0.9 & 0.342 & 0.9 & 0.11 & 0.9 & 0.876 & 0.9 \\
LMDD & 0.105 & 0.9 & 0.9 & 0.363 & 0.9 & 1.0 & 0.066 & 0.763 & 0.9 & 0.261 & 0.9 & 0.076 & 0.9 & 0.9 & 0.9 \\
CBLOF & \textbf{0.001} & \textbf{0.001} & 0.373 & \textbf{0.001} & \textbf{0.044} & 0.066 & 1.0 & \textbf{0.001} & \textbf{0.001} & \textbf{0.001} & 0.058 & \textbf{0.001} & 0.352 & 0.9 & \textbf{0.001} \\
OCSVM & 0.9 & 0.9 & 0.295 & 0.9 & 0.848 & 0.763 & \textbf{0.001} & 1.0 & 0.9 & 0.9 & 0.791 & 0.9 & 0.313 & \textbf{0.017} & 0.9 \\
COPOD & 0.9 & 0.9 & 0.469 & 0.9 & 0.9 & 0.9 & \textbf{0.001} & 0.9 & 1.0 & 0.9 & 0.9 & 0.9 & 0.489 & \textbf{0.04} & 0.9 \\
u-CBLOF & 0.9 & 0.9 & \textbf{0.038} & 0.9 & 0.342 & 0.261 & \textbf{0.001} & 0.9 & 0.9 & 1.0 & 0.287 & 0.9 & \textbf{0.042} & \textbf{0.001} & 0.9 \\
PCA & 0.119 & 0.9 & 0.9 & 0.395 & 0.9 & 0.9 & 0.058 & 0.791 & 0.9 & 0.287 & 1.0 & 0.086 & 0.9 & 0.9 & 0.9 \\
kNN & 0.9 & 0.744 & \textbf{0.007} & 0.9 & 0.11 & 0.076 & \textbf{0.001} & 0.9 & 0.9 & 0.9 & 0.086 & 1.0 & \textbf{0.007} & \textbf{0.001} & 0.9 \\
LODA & \textbf{0.011} & 0.839 & 0.9 & 0.069 & 0.9 & 0.9 & 0.352 & 0.313 & 0.489 & \textbf{0.042} & 0.9 & \textbf{0.007} & 1.0 & 0.9 & 0.489 \\
COF & \textbf{0.001} & 0.186 & 0.9 & \textbf{0.002} & 0.876 & 0.9 & 0.9 & \textbf{0.017} & \textbf{0.04} & \textbf{0.001} & 0.9 & \textbf{0.001} & 0.9 & 1.0 & \textbf{0.04} \\
ABOD & 0.9 & 0.9 & 0.469 & 0.9 & 0.9 & 0.9 & \textbf{0.001} & 0.9 & 0.9 & 0.9 & 0.9 & 0.9 & 0.489 & \textbf{0.04} & 1.0 \\
\end{tabular}
