\begin{tabular}{llllllllllllllll}
{} & {kNN} & {COPOD} & {HBOS} & {COF} & {CBLOF} & {ABOD} & {LOF} & {OCSVM} & {MCD} & {u-CBLOF} & {LMDD} & {LODA} & {PCA} & {SOD} & {Isolation Forest} \\
kNN & 1.0 & 0.733 & 0.25 & \textbf{0.001} & \textbf{0.001} & 0.9 & \textbf{0.001} & 0.9 & 0.9 & 0.9 & \textbf{0.017} & \textbf{0.001} & \textbf{0.007} & \textbf{0.005} & 0.9 \\
COPOD & 0.733 & 1.0 & 0.9 & \textbf{0.035} & \textbf{0.001} & 0.9 & 0.561 & 0.9 & 0.9 & 0.9 & 0.9 & 0.368 & 0.853 & 0.802 & 0.9 \\
HBOS & 0.25 & 0.9 & 1.0 & 0.266 & \textbf{0.001} & 0.9 & 0.9 & 0.9 & 0.9 & 0.9 & 0.9 & 0.853 & 0.9 & 0.9 & 0.785 \\
COF & \textbf{0.001} & \textbf{0.035} & 0.266 & 1.0 & 0.742 & \textbf{0.004} & 0.9 & \textbf{0.014} & \textbf{0.001} & \textbf{0.004} & 0.871 & 0.9 & 0.9 & 0.9 & \textbf{0.001} \\
CBLOF & \textbf{0.001} & \textbf{0.001} & \textbf{0.001} & 0.742 & 1.0 & \textbf{0.001} & 0.085 & \textbf{0.001} & \textbf{0.001} & \textbf{0.001} & \textbf{0.009} & 0.178 & \textbf{0.019} & \textbf{0.026} & \textbf{0.001} \\
ABOD & 0.9 & 0.9 & 0.9 & \textbf{0.004} & \textbf{0.001} & 1.0 & 0.178 & 0.9 & 0.9 & 0.9 & 0.595 & 0.085 & 0.455 & 0.397 & 0.9 \\
LOF & \textbf{0.001} & 0.561 & 0.9 & 0.9 & 0.085 & 0.178 & 1.0 & 0.378 & 0.069 & 0.178 & 0.9 & 0.9 & 0.9 & 0.9 & \textbf{0.028} \\
OCSVM & 0.9 & 0.9 & 0.9 & \textbf{0.014} & \textbf{0.001} & 0.9 & 0.378 & 1.0 & 0.9 & 0.9 & 0.819 & 0.209 & 0.681 & 0.63 & 0.9 \\
MCD & 0.9 & 0.9 & 0.9 & \textbf{0.001} & \textbf{0.001} & 0.9 & 0.069 & 0.9 & 1.0 & 0.9 & 0.358 & \textbf{0.028} & 0.229 & 0.19 & 0.9 \\
u-CBLOF & 0.9 & 0.9 & 0.9 & \textbf{0.004} & \textbf{0.001} & 0.9 & 0.178 & 0.9 & 0.9 & 1.0 & 0.595 & 0.085 & 0.455 & 0.397 & 0.9 \\
LMDD & \textbf{0.017} & 0.9 & 0.9 & 0.871 & \textbf{0.009} & 0.595 & 0.9 & 0.819 & 0.358 & 0.595 & 1.0 & 0.9 & 0.9 & 0.9 & 0.196 \\
LODA & \textbf{0.001} & 0.368 & 0.853 & 0.9 & 0.178 & 0.085 & 0.9 & 0.209 & \textbf{0.028} & 0.085 & 0.9 & 1.0 & 0.9 & 0.9 & \textbf{0.01} \\
PCA & \textbf{0.007} & 0.853 & 0.9 & 0.9 & \textbf{0.019} & 0.455 & 0.9 & 0.681 & 0.229 & 0.455 & 0.9 & 0.9 & 1.0 & 0.9 & 0.114 \\
SOD & \textbf{0.005} & 0.802 & 0.9 & 0.9 & \textbf{0.026} & 0.397 & 0.9 & 0.63 & 0.19 & 0.397 & 0.9 & 0.9 & 0.9 & 1.0 & 0.09 \\
Isolation Forest & 0.9 & 0.9 & 0.785 & \textbf{0.001} & \textbf{0.001} & 0.9 & \textbf{0.028} & 0.9 & 0.9 & 0.9 & 0.196 & \textbf{0.01} & 0.114 & 0.09 & 1.0 \\
\end{tabular}
